5640
6936
8039
79
350
4149
7906
5646
802
4376
1340
7738
9723
5769
6230
2434
5787
1900
4993
3213
6901
5843
9220
2883
4231
3767
4859
3408
2
889
4713
2526
9619
3253
7406
3998
2992
3949
806
8466
2240
7096
7074
4533
1738
4369
9741
8810
8209
7221
6212
488
3419
4109
5305
4227
2630
1667
9428
8586
4591
8835
2921
1797
839
6182
3286
5290
6239
7917
3703
7969
7424
8418
9107
4914
1476
4861
3568
1813
8601
3510
8454
1701
5990
5748
3691
1758
5939
4985
2626
4339
4535
6417
4909
9701
2137
429
803
1040
8022
8172
8980
6282
6856
5534
1932
3061
1373
7031
556
3317
9273
6527
8960
694
3036
9605
5555
346
862
2742
5197
4308
9230
3361
148
3608
7645
2490
6098
6866
3550
8706
7025
7298
9466
8669
4832
1822
3139
8860
5202
5094
653
2841
7362
655
4460
6266
6757
6967
8505
87
6835
6064
8946
506
3370
4095
8336
7987
6327
83
502
3428
1578
6077
6904
2806
5925
1648
2161
8035
7426
3390
1094
7477
3761
1845
7023
870
5259
7473
5917
3876
5981
4547
7881
7583
7670
6771
2372
1747
4215
9021
5618
8996
3195
8496
2592
5416
1422
38
2176
6843
3429
4905
7084
2113
324
6326
1619
2826
4929
5250
6359
9508
9507
5731
3098
8851
6276
7207
5847
4047
3892
8108
909
2721
5775
7313
2711
234
9787
2552
8104
9805
4399
4525
9584
6047
7690
6608
8407
357
7825
783
660
2405
7370
7611
7792
5424
1926
2705
4552
8960
2483
5755
9426
5403
2374
437
2036
7335
8115
9511
5464
1458
8825
9425
470
3600
5935
8567
7539
8140
2754
3136
1979
7164
8589
1347
2174
2895
2294
3666
2379
9560
1765
8017
2260
7463
8060
2854
1445
5720
6035
7579
8213
8065
1203
9249
4950
2809
8602
7289
2646
7388
3718
9694
7708
6179
1951
2835
2290
3022
3890
5934
7239
7729
9448
4173
7866
1868
2915
8194
3705
1597
1852
8227
6199
2623
3966
2783
5739
8890
4796
6161
2027
9182
18
6630
748
2724
3953
4581
9200
1214
5887
1209
926
2396
6609
1376
8212
938
5606
5475
3847
3858
7260
5592
6613
5114
8670
2012
809
4975
187
1929
9266
62
1991
9009
4110
2049
7815
120
7215
369
4968
2546
6585
8697
4690
8755
2027
6922
9711
1152
6099
5508
826
7081
6
8229
9300
8912
3532
3365
4603
421
544
7062
2024
4380
3896
3457
5597
7771
5997
4396
7163
5560
782
1120
8927
3000
539
4577
9566
8974
604
1269
3869
6374
4846
5573
4290
8979
1878
5202
9058
4389
523
1310
4549
1331
7322
1061
6389
473
6439
6482
3459
8101
518
112
894
7442
4991
915
3529
2063
8428
3631
2469
1593
2074
7022
2491
4014
4399
4182
5233
2476
1672
4231
6404
3212
802
5088
6927
8076
5973
3223
2371
879
6972
5199
7743
8119
4936
8336
8319
6390
8792
4840
8610
9274
4554
9388
7350
9607
8873
6685
9294
3127
6274
2927
2431
4067
5550
7
9276
4224
5057
2324
4942
3468
6523
7316
37
2843
4747
8519
3035
3110
2177
6708
5980
3981
8937
2791
83
4850
1803
7078
6544
9004
2296
6523
9763
6036
1489
831
8195
1600
5062
7784
1468
6599
9470
2038
3928
1341
5867
3114
578
6203
2198
3637
324
2209
607
1605
1892
884
4572
9115
8996
9794
3406
8519
5633
4415
6767
6723
5850
5983
8470
3887
8885
6481
5469
9329
5323
6502
4083
1955
3265
2042
8210
8986
4587
6390
3566
2847
5493
8716
6072
9300
9194
2254
6267
2562
4460
727
8213
2720
6033
7931
6708
4351
1945
9533
7888
7015
7041
4205
5133
2583
6177
99
8425
6085
6523
4692
9699
2768
8683
3877
2592
5422
4716
4944
132
3460
7146
1635
8516
5783
2732
1944
4083
7967
7258
9678
3918
9702
3439
8952
1095
1041
7100
8048
1848
2828
109
4367
8857
7431
3812
3561
4014
4502
6077
797
8585
4545
3082
9805
9223
5816
4637
4602
2127
4377
1015
3403
3166
9375
7380
9224
9640
6328
6324
3301
793
5512
7242
8968
9194
3746
1353
7767
1708
513
8409
9418
8570
8895
9099
422
840
8801
5286
2229
7964
7650
448
756
2763
8292
311
4537
8205
324
810
2074
5501
7582
9442
4323
1437
7559
3337
4878
4154
9539
2012
7254
9751
1504
8470
4372
3689
2807
6257
7339
6438
7005
8994
3093
2003
7365
3732
8881
3947
2910
5351
2223
2045
5870
6745
5947
7894
1632
7439
7481
2407
5850
2301
6476
3307
9295
4580
1305
9042
33
7722
5018
4130
7444
7892
4770
4790
3508
100
4963
8049
8227
1144
3810
5884
3011
4730
2848
4142
2121
4940
2941
8015
4156
7707
577
1832
2958
424
2780
637
5824
1317
8928
8371
6763
518
1284
9088
9512
2879
9167
1109
2467
4006
2930
8114
4840
422
7851
3585
2045
7073
7490
1972
5987
2380
2818
3193
7158
660
6536
2406
7625
9692
2802
3531
8123
4525
4158
3661
2624
645
3944
2116
4177
254
1968
7799
9612
7226
7639
7317
2184
4878
1701
8355
1846
8031
6943
9360
8388
856
2465
4026
9405
2938
8128
460
4865
3051
5615
1363
3156
8148
3776
4518
7376
1179
8242
6182
8750
1837
1938
1580
4007
60
5834
3855
1488
4500
6751
8887
5445
9443
6270
4518
4302
5796
5711
5593
5856
7785
9274
387
1820
451
6071
9473
3075
9032
3078
156
6068
8081
2552
4853
6238
4374
32
997
9267
6718
3309
6218
1192
6103
8009
2575
5504
4004
5934
6097
3178
3733
6304
2502
9347
7459
6620
6007
3544
2168
2492
1170
979
6718
964
7020
1397
5412
1707
5720
8649
7705
8264
9012
6611
7635
5094
6368
8384
2210
4335
5950
2770
8347
6650
9103
5946
5316
1202
5096
5853
136
4703
224
8712
2354
4092
5501
9232
7702
1576
6430
4218
8988
7326
441
8386
4179
3301
6469
9647
5447
7834
5751
2903
6600
6817
9183
8905
5049
695
4671
4557
3138
7915
